768203701;41.00059;-8.643653;-0.1508602;0.7155953
768203711;41.00148;-8.643878;-0.1508641;0.7156107
768203721;41.00034;-8.645529;-0.1508929;0.7155908
769324649;40.99378;-8.641432;-0.1508214;0.7154765
769324680;40.99557;-8.641884;-0.1508293;0.7155077
769324710;40.99467;-8.641658;-0.1508254;0.7154921
769324716;40.99644;-8.64211;-0.1508333;0.7155229
926784999;40.99958;-8.642893;-0.1508469;0.7155776
926785001;40.99969;-8.642804;-0.1508454;0.7155795
926785002;40.99975;-8.642599;-0.1508418;0.7155806
441803340;41.00398;-8.643974;-0.1508658;0.7156544
441803456;41.00311;-8.641484;-0.1508224;0.7156392
441803516;41.00306;-8.646102;-0.1509029;0.7156385
441803525;41.00068;-8.64622;-0.150905;0.7155968
443813084;41.0031;-8.642379;-0.150838;0.7156391
443817603;41.00398;-8.644557;-0.150876;0.7156544
443817621;41.00398;-8.643059;-0.1508498;0.7156544
768203707;41.00073;-8.645533;-0.150893;0.7155977
768226332;41.00309;-8.644567;-0.1508761;0.7156389
772873249;41.00189;-8.646159;-0.1509039;0.715618
773935582;41.00398;-8.643867;-0.1508639;0.7156544
443813212;41.00238;-8.636704;-0.1507389;0.7156265
441805521;40.99694;-8.63486;-0.1507067;0.7155316
441805503;41.00094;-8.638086;-0.150763;0.7156014
441805505;40.99988;-8.637572;-0.1507541;0.7155829
441805523;40.99864;-8.636478;-0.150735;0.7155612
441802957;41.01152;-8.634542;-0.1507012;0.7157861
441802977;41.0111;-8.634294;-0.1506968;0.7157788
441803004;41.013;-8.639812;-0.1507932;0.715812
441803097;41.01002;-8.643026;-0.1508493;0.7157598
441803130;41.0127;-8.6351;-0.1507109;0.7158067
441803426;41.01409;-8.641598;-0.1508243;0.7158309
441803539;40.99817;-8.645975;-0.1509007;0.7155531
441803547;40.99657;-8.645854;-0.1508986;0.7155251
441803349;41.00112;-8.642416;-0.1508386;0.7156045
441803460;41.00121;-8.641529;-0.1508231;0.715606
441803549;40.99602;-8.645752;-0.1508968;0.7155156
441803316;41.013;-8.640744;-0.1508094;0.7158119
441803390;41.01369;-8.641607;-0.1508245;0.7158239
441803356;41.00065;-8.642426;-0.1508388;0.7155964
441803304;41.01305;-8.639054;-0.1507799;0.7158127
441803554;40.99497;-8.645486;-0.1508922;0.7154972
441803596;41.00911;-8.645286;-0.1508887;0.715744
441803624;41.01055;-8.634167;-0.1506946;0.7157691
441803545;40.99748;-8.645789;-0.1508975;0.7155411
441819734;41.01143;-8.628423;-0.1505944;0.7157845
441803023;41.00397;-8.639933;-0.1507953;0.7156543
443803689;41.01214;-8.632668;-0.1506685;0.7157969
443803690;41.01151;-8.632127;-0.150659;0.7157859
443803685;41.00713;-8.631064;-0.1506405;0.7157094
443803680;41.00843;-8.632438;-0.1506645;0.7157322
443803761;40.99707;-8.634475;-0.1507;0.7155339
443803762;40.99733;-8.634397;-0.1506986;0.7155383
443808161;40.99733;-8.634308;-0.1506971;0.7155384
443809283;41.00698;-8.633041;-0.150675;0.7157068
443813155;41.00113;-8.636333;-0.1507325;0.7156047
443813185;41.00042;-8.642239;-0.1508355;0.7155924
443817765;41.00832;-8.634431;-0.1506992;0.7157301
506859153;41.00603;-8.630483;-0.1506303;0.7156903
506859154;41.00579;-8.63044;-0.1506296;0.7156861
506859155;41.00451;-8.630363;-0.1506282;0.7156637
506859471;41.00623;-8.630483;-0.1506303;0.7156937
506859484;41.00659;-8.630088;-0.1506234;0.7157
506859472;41.00682;-8.630486;-0.1506304;0.715704
768203712;41;-8.641752;-0.150827;0.715585
768203714;41.00051;-8.642136;-0.1508337;0.715594
441803462;41.00059;-8.641533;-0.1508232;0.7155952
768226310;41.00921;-8.632004;-0.1506569;0.7157457
768226312;41.0097;-8.63203;-0.1506574;0.7157543
768226315;41.01331;-8.639058;-0.15078;0.7158173
768226318;41.01005;-8.631976;-0.1506564;0.7157604
768226325;41.01104;-8.631922;-0.1506554;0.7157776
441803344;41.00219;-8.643121;-0.1508509;0.7156232
768603073;41.01147;-8.629594;-0.1506148;0.7157851
768603081;41.01179;-8.630754;-0.1506351;0.7157907
768603083;41.01175;-8.629591;-0.1506148;0.71579
768603085;41.01061;-8.629582;-0.1506146;0.7157701
768603087;41.01051;-8.630993;-0.1506393;0.7157685
768603077;41.01002;-8.629539;-0.1506139;0.7157599
768602750;41.01183;-8.6315;-0.1506481;0.7157915
768602754;41.01222;-8.63168;-0.1506512;0.7157983
768602756;41.01089;-8.630785;-0.1506356;0.715775
768602758;41.00889;-8.630956;-0.1506386;0.7157402
768602924;41.01184;-8.630826;-0.1506363;0.7157916
768602926;41.01223;-8.631408;-0.1506465;0.7157984
768602928;41.01181;-8.631653;-0.1506508;0.7157911
768602930;41.01034;-8.631014;-0.1506396;0.7157654
768602932;41.00888;-8.631775;-0.1506529;0.7157399
768602940;41.01192;-8.631729;-0.1506521;0.7157931
768226329;41.00887;-8.631943;-0.1506558;0.7157397
769290291;40.99813;-8.64595;-0.1509003;0.7155524
769314380;41.00855;-8.63182;-0.1506537;0.7157342
769314477;41.00863;-8.634183;-0.1506949;0.7157357
771439740;41.00459;-8.629588;-0.1506147;0.7156652
771439743;41.00719;-8.631065;-0.1506405;0.7157105
771439752;41.00647;-8.629328;-0.1506102;0.7156978
771439551;41.00648;-8.62985;-0.1506193;0.7156981
771439553;40.99712;-8.634357;-0.150698;0.7155348
771439560;41.00781;-8.631434;-0.150647;0.7157213
771440428;40.9972;-8.634422;-0.1506991;0.7155361
771440429;41.00625;-8.629224;-0.1506084;0.7156941
771440445;41.00727;-8.631132;-0.1506417;0.715712
771439440;41.00642;-8.629387;-0.1506112;0.715697
771439444;41.00737;-8.631198;-0.1506428;0.7157136
771440320;41.00637;-8.629539;-0.1506139;0.7156961
771440352;41.00426;-8.629482;-0.1506129;0.7156594
771440367;41.00652;-8.629308;-0.1506098;0.7156988
771440401;40.99678;-8.634675;-0.1507035;0.7155288
771440419;41.00638;-8.629471;-0.1506127;0.7156964
771440424;41.00703;-8.630846;-0.1506367;0.7157077
772873302;41.00021;-8.646315;-0.1509067;0.7155887
772873236;41.00851;-8.645393;-0.1508906;0.7157336
772873215;41.00904;-8.645391;-0.1508905;0.7157427
772873213;41.00667;-8.639874;-0.1507942;0.7157014
773395972;41.01088;-8.629385;-0.1506112;0.715775
773395940;41.01094;-8.629041;-0.1506052;0.7157758
773396012;41.01092;-8.629142;-0.1506069;0.7157755
773396017;41.01092;-8.629237;-0.1506086;0.7157755
773396037;41.01118;-8.628574;-0.150597;0.7157802
773396057;41.011;-8.628895;-0.1506026;0.7157769
768602752;41.01084;-8.629558;-0.1506142;0.7157741
773398374;40.99763;-8.645807;-0.1508978;0.7155436
773398378;40.99784;-8.645862;-0.1508988;0.7155473
773398403;40.99636;-8.645838;-0.1508983;0.7155215
773398382;40.99693;-8.645796;-0.1508976;0.7155313
773398387;40.99725;-8.645782;-0.1508974;0.715537
773398397;40.99629;-8.645822;-0.1508981;0.7155202
441803025;41.00229;-8.639956;-0.1507957;0.7156249
443813128;41.00126;-8.640907;-0.1508123;0.715607
441803342;41.00319;-8.643847;-0.1508636;0.7156406
441803337;41.00535;-8.644045;-0.150867;0.7156783
893326746;41.00659;-8.644006;-0.1508664;0.7157
907122284;40.99739;-8.642819;-0.1508457;0.7155395
926017890;41.00206;-8.643208;-0.1508524;0.715621
926017891;41.00189;-8.643217;-0.1508526;0.715618
926017876;41.00165;-8.643847;-0.1508636;0.7156138
768565998;41.00538;-8.635046;-0.15071;0.7156789
443800955;41.00664;-8.642345;-0.1508374;0.7157009
441803334;41.00665;-8.644006;-0.1508664;0.715701
443817484;41.00664;-8.643317;-0.1508543;0.7157009
443817424;41.00469;-8.643356;-0.150855;0.7156668
443800956;41.00594;-8.642337;-0.1508372;0.7156887
443800957;41.00534;-8.64235;-0.1508375;0.7156783
768226316;41.00664;-8.643006;-0.1508489;0.7157009
441803007;41.01237;-8.639822;-0.1507933;0.7158008
441803382;41.01222;-8.638486;-0.15077;0.7157983
443813000;41.00307;-8.643764;-0.1508622;0.7156386
768203725;41.00007;-8.639988;-0.1507962;0.7155862
441803027;41.00077;-8.639984;-0.1507962;0.7155985
441803324;41.01299;-8.643715;-0.1508613;0.7158116
441803326;41.01299;-8.643967;-0.1508657;0.7158117
441803327;41.01281;-8.643971;-0.1508658;0.7158085
441803029;40.99947;-8.639996;-0.1507964;0.7155757
441803031;40.99774;-8.64001;-0.1507966;0.7155455
441803558;40.99426;-8.645309;-0.1508891;0.7154849
768203700;40.99842;-8.643091;-0.1508504;0.7155575
768203719;40.99903;-8.643247;-0.1508531;0.715568
769290289;40.99675;-8.642652;-0.1508427;0.7155282
441803551;40.9958;-8.645697;-0.1508959;0.7155117
769290294;40.99419;-8.645261;-0.1508883;0.7154835
441803607;41.00723;-8.645894;-0.1508993;0.7157112
441803508;41.00534;-8.645984;-0.1509009;0.7156782
443800954;41.00398;-8.646049;-0.150902;0.7156545
768226327;41.0047;-8.646012;-0.1509014;0.7156671
768203718;41.00112;-8.644584;-0.1508764;0.7156045
768203723;41.00115;-8.645526;-0.1508929;0.715605
768203716;41.00134;-8.645523;-0.1508928;0.7156083
441803521;41.00116;-8.646194;-0.1509046;0.7156053
443817983;41.00307;-8.645515;-0.1508927;0.7156385
441803282;41.01104;-8.643992;-0.1508661;0.7157778
441803092;41.00945;-8.643492;-0.1508574;0.7157499
441803095;41.00993;-8.643177;-0.1508519;0.7157582
443809927;41.00933;-8.643549;-0.1508584;0.7157478
506859191;41.00427;-8.631509;-0.1506483;0.7156595
441819625;41.00396;-8.632549;-0.1506664;0.7156542
443803682;41.00396;-8.626563;-0.1505619;0.7156542
506859192;41.00396;-8.63079;-0.1506357;0.7156542
506859483;41.00396;-8.629372;-0.150611;0.7156542
506859190;41.00427;-8.632548;-0.1506664;0.7156596
506859193;41.00436;-8.630787;-0.1506356;0.715661
506859151;41.00396;-8.630342;-0.1506279;0.7156542
1163609297;41.01256;-8.644439;-0.1508739;0.7158042
1163609283;41.00528;-8.629759;-0.1506177;0.7156771
1163609294;41.00608;-8.626904;-0.1505679;0.7156912
1163609307;41.00608;-8.628353;-0.1505932;0.7156911
1163609317;41.00554;-8.6285;-0.1505957;0.7156817
1163609333;41.00609;-8.628671;-0.1505987;0.7156913
1163609433;41.00603;-8.626225;-0.150556;0.7156903
1163609466;41.00618;-8.627624;-0.1505804;0.7156929
1163609468;41.00569;-8.628433;-0.1505946;0.7156842
1163609475;41.00395;-8.624182;-0.1505204;0.715654
1163609499;41.00548;-8.628621;-0.1505979;0.7156807
1163609501;41.00604;-8.626523;-0.1505612;0.7156904
443803683;41.00395;-8.6235;-0.1505085;0.715654
1163609435;41.01257;-8.644568;-0.1508762;0.7158044
1163548896;41.00608;-8.625288;-0.1505397;0.715691
1163609540;41.00616;-8.627864;-0.1505846;0.7156925
1163609570;41.00561;-8.628452;-0.1505949;0.7156829
1163609584;41.00608;-8.628505;-0.1505958;0.715691
1163609608;41.00396;-8.625675;-0.1505464;0.7156541
1163609374;41.00605;-8.625844;-0.1505494;0.7156906
1163609385;41.00611;-8.628791;-0.1506008;0.7156916
1163609405;41.00616;-8.627392;-0.1505764;0.7156925
1163609423;41.0055;-8.628555;-0.1505967;0.7156811
768203713;41.00111;-8.643788;-0.1508626;0.7156044
1163690684;41.01301;-8.633183;-0.1506775;0.7158121
1163690686;41.00041;-8.637978;-0.1507612;0.7155921
441803013;41.01117;-8.639839;-0.1507936;0.71578
441803009;41.0117;-8.639832;-0.1507935;0.7157893
443813209;41.00232;-8.639056;-0.15078;0.7156255
768226320;41.00469;-8.644569;-0.1508762;0.7156669
441803486;41.0085;-8.640806;-0.1508105;0.7157333
441803408;41.01043;-8.643288;-0.1508538;0.7157671
443813166;41.00086;-8.639111;-0.1507809;0.7156
441803141;41.01342;-8.633572;-0.1506843;0.7158192
441803329;41.01042;-8.644005;-0.1508663;0.7157669
441803494;41.00943;-8.640794;-0.1508103;0.7157495
441803076;41.0117;-8.638937;-0.1507779;0.7157893
926784996;40.99965;-8.642864;-0.1508464;0.7155788
441803298;41.01036;-8.638955;-0.1507782;0.7157658
441803126;41.01236;-8.635661;-0.1507207;0.7158007
768203702;40.99868;-8.64589;-0.1508992;0.7155619
441803458;41.00224;-8.641498;-0.1508226;0.715624
768226308;41.00664;-8.644545;-0.1508758;0.7157009
441803143;41.01361;-8.633464;-0.1506824;0.7158225
441802794;41.00849;-8.638968;-0.1507784;0.7157331
441803078;41.01172;-8.638315;-0.150767;0.7157895
441803530;40.99924;-8.646295;-0.1509063;0.7155718
768203709;41.00138;-8.644588;-0.1508765;0.7156091
441803358;40.9999;-8.641502;-0.1508227;0.7155833
441803128;41.01259;-8.635288;-0.1507142;0.7158048
441803133;41.01273;-8.634682;-0.1507036;0.7158073
441803119;41.01225;-8.636613;-0.1507373;0.7157987
893326752;41.00599;-8.644018;-0.1508666;0.7156896
441803291;41.01106;-8.640757;-0.1508096;0.7157781
768203704;40.99879;-8.645013;-0.1508839;0.715564
1163690604;41.00074;-8.638066;-0.1507627;0.715598
1163690603;40.99873;-8.635404;-0.1507162;0.7155628
1163690605;40.99878;-8.633722;-0.1506869;0.7155636
1163690608;41.0015;-8.635029;-0.1507097;0.7156111
1163690610;40.99903;-8.632978;-0.1506739;0.7155681
1163690613;41.0004;-8.63502;-0.1507095;0.7155919
1163690650;40.99884;-8.633419;-0.1506816;0.7155647
1163690602;41.00129;-8.635548;-0.1507187;0.7156074
1163690651;40.99891;-8.633279;-0.1506791;0.715566
1163690653;41.01223;-8.636826;-0.150741;0.7157985
1163690656;40.99873;-8.634131;-0.150694;0.7155628
1163690658;41.01328;-8.633199;-0.1506777;0.7158168
1163690659;41.0003;-8.637893;-0.1507597;0.7155902
1163690660;41.01043;-8.64338;-0.1508554;0.715767
1163690666;40.99871;-8.634783;-0.1507054;0.7155624
1163690668;40.99876;-8.634487;-0.1507002;0.7155634
1163690671;40.99879;-8.633606;-0.1506848;0.715564
1163690674;41.01274;-8.634915;-0.1507077;0.7158073
1163690676;41.00009;-8.637792;-0.1507579;0.7155866
1163690681;40.99907;-8.63276;-0.1506701;0.7155687
1163690612;41.0111;-8.643702;-0.1508611;0.7157788
441803528;41.00024;-8.646237;-0.1509053;0.7155891
443813127;41.00224;-8.64089;-0.150812;0.7156242
441803103;41.01084;-8.640759;-0.1508097;0.7157741
441803289;41.01106;-8.641406;-0.150821;0.715778
441803138;41.01291;-8.634094;-0.1506934;0.7158103
1163690655;41.00108;-8.635244;-0.1507134;0.7156039
1163690665;41.00129;-8.635395;-0.1507161;0.7156076
768226319;41.00597;-8.645948;-0.1509003;0.7156891
443817612;41.00398;-8.64337;-0.1508553;0.7156545
443817960;41.00047;-8.644565;-0.1508761;0.7155933
443818033;40.98992;-8.640448;-0.1508043;0.715409
768203727;40.99817;-8.644853;-0.1508811;0.7155531
1163690614;40.99872;-8.636058;-0.1507276;0.7155626
1163690616;41.01274;-8.634433;-0.1506993;0.7158074
1163690617;40.99876;-8.63393;-0.1506905;0.7155633
1163690621;41.01181;-8.63242;-0.1506642;0.7157912
1163690622;40.99871;-8.634381;-0.1506984;0.7155626
1163690623;40.99899;-8.633121;-0.1506764;0.7155674
441803347;41.0022;-8.642394;-0.1508382;0.7156233
1163690631;41.00091;-8.635216;-0.150713;0.7156008
1163690632;40.9987;-8.636339;-0.1507325;0.7155623
1163690633;41.01343;-8.63281;-0.1506709;0.7158194
1163690641;40.99913;-8.632448;-0.1506646;0.7155699
1163690643;41.01048;-8.643206;-0.1508524;0.7157678
1163690644;41.0013;-8.635204;-0.1507127;0.7156076
1163690645;40.99872;-8.634295;-0.1506969;0.7155626
1163690648;40.99871;-8.634485;-0.1507002;0.7155626
441803496;41.00944;-8.642297;-0.1508365;0.7157497
441803068;41.01167;-8.643991;-0.1508661;0.7157887
441803535;40.99861;-8.646427;-0.1509086;0.7155607
441803600;41.00794;-8.64541;-0.1508909;0.7157235
769290274;40.99907;-8.646343;-0.1509072;0.7155687
441803135;41.01281;-8.634237;-0.1506959;0.7158085
1163690625;41.01105;-8.640294;-0.1508016;0.7157779
441803072;41.01168;-8.641457;-0.1508219;0.7157888
441803105;41.01107;-8.640105;-0.1507983;0.7157781
768203703;40.99937;-8.645162;-0.1508865;0.715574
1163690618;41.00125;-8.63526;-0.1507137;0.7156068
1163690626;41.00121;-8.636164;-0.1507295;0.7156062
1163690646;41.00128;-8.635323;-0.1507148;0.7156073
768203706;40.99961;-8.6434;-0.1508558;0.7155781
441803335;41.00595;-8.644018;-0.1508666;0.7156889
441803532;40.99887;-8.646408;-0.1509083;0.7155653
441803124;41.0123;-8.635857;-0.1507241;0.7157997
443803691;41.01133;-8.631893;-0.150655;0.7157826
443818025;40.99972;-8.642726;-0.150844;0.7155801
443818031;40.99951;-8.642892;-0.1508469;0.7155764
768203708;40.99985;-8.64188;-0.1508293;0.7155824
441803403;41.01063;-8.642785;-0.1508451;0.7157705
768203715;41.00083;-8.644575;-0.1508763;0.7155994
769290276;40.99822;-8.64603;-0.1509017;0.7155539
769290262;40.99845;-8.646346;-0.1509072;0.7155579
441803070;41.01167;-8.643006;-0.1508489;0.7157886
441803026;41.00136;-8.639974;-0.150796;0.7156088
441803287;41.01105;-8.643003;-0.1508489;0.7157778
441803099;41.01029;-8.642287;-0.1508364;0.7157646
769290265;40.99873;-8.646441;-0.1509089;0.7155628
441803107;41.0115;-8.638953;-0.1507782;0.7157857
443803688;41.01316;-8.633239;-0.1506784;0.7158147
441803428;41.00943;-8.641389;-0.1508207;0.7157496
768226326;41.01168;-8.64371;-0.1508612;0.7157888
441819725;41.01351;-8.633043;-0.150675;0.7158207
441803074;41.0117;-8.640762;-0.1508097;0.7157891
769290295;40.99926;-8.645967;-0.1509006;0.7155721
441803537;40.99832;-8.646214;-0.1509049;0.7155556
772873290;41.00189;-8.645794;-0.1508976;0.715618
443813125;41.01036;-8.640776;-0.15081;0.7157659
768203705;41.0009;-8.643735;-0.1508616;0.7156007
441803101;41.01062;-8.641381;-0.1508206;0.7157703
768203710;40.99627;-8.642539;-0.1508408;0.7155199
768203720;40.9959;-8.641973;-0.1508309;0.7155133
768226309;41.00665;-8.645925;-0.1508999;0.7157011
1163696410;41.00285;-8.633003;-0.1506743;0.7156348
1163696416;41.00358;-8.632368;-0.1506632;0.7156475
1163696419;41.00351;-8.632715;-0.1506693;0.7156462
1163696423;41.00325;-8.632221;-0.1506607;0.7156418
1163696446;41.0036;-8.632393;-0.1506637;0.7156478
1163696450;41.00288;-8.63204;-0.1506575;0.7156353
1163696454;41.00396;-8.632847;-0.1506716;0.7156542
1163696456;41.00283;-8.633248;-0.1506786;0.7156343
1163696459;41.00286;-8.630632;-0.1506329;0.7156349
1163696464;41.00288;-8.632403;-0.1506639;0.7156352
1163696571;41.00356;-8.632226;-0.1506608;0.7156471
1163696576;41.00397;-8.633685;-0.1506862;0.7156543
1163696580;41.0029;-8.63108;-0.1506408;0.7156355
1163696586;41.00396;-8.632389;-0.1506636;0.7156542
1163696588;41.00286;-8.632742;-0.1506698;0.7156349
1163696590;41.00356;-8.632321;-0.1506624;0.7156472
1163696594;41.0029;-8.631725;-0.150652;0.7156355
1163696607;41.00349;-8.632823;-0.1506712;0.7156458
1163754798;41.0078;-8.633399;-0.1506812;0.7157212
1163754802;41.01099;-8.63497;-0.1507086;0.7157769
1163710068;41.004;-8.63397;-0.1506912;0.7156549
1163710092;41.00397;-8.63383;-0.1506888;0.7156543
441819662;41.00414;-8.634239;-0.1506959;0.7156572
441819665;41.00414;-8.634332;-0.1506975;0.7156572
441819668;41.00411;-8.634407;-0.1506988;0.7156568
1163710070;41.00394;-8.633974;-0.1506913;0.7156537
441819649;41.00397;-8.63404;-0.1506924;0.7156543
441819680;41.00382;-8.634409;-0.1506989;0.7156517
441819682;41.0038;-8.634365;-0.1506981;0.7156513
441819685;41.0038;-8.634198;-0.1506952;0.7156512
441819695;41.00389;-8.634064;-0.1506928;0.7156528
1163701474;41.00342;-8.634057;-0.1506927;0.7156447
1163701478;41.00381;-8.634048;-0.1506926;0.7156515
441819659;41.00411;-8.634154;-0.1506944;0.7156567
441819670;41.00406;-8.63445;-0.1506996;0.7156559
771440435;41.00722;-8.631271;-0.1506441;0.7157111
769314384;41.00845;-8.631755;-0.1506525;0.7157325
443817366;41.00595;-8.643335;-0.1508547;0.7156889
443800959;41.00397;-8.642358;-0.1508376;0.7156544
771440393;41.00725;-8.63123;-0.1506434;0.7157115
441819738;41.00911;-8.625209;-0.1505383;0.715744
768565989;41.00466;-8.635351;-0.1507153;0.7156664
1163754352;41.01328;-8.632538;-0.1506662;0.7158168
1163754357;41.00762;-8.633717;-0.1506868;0.715718
1163754375;41.00811;-8.632459;-0.1506648;0.7157266
1163754383;41.01167;-8.628722;-0.1505996;0.7157886
1163754421;41.01031;-8.63558;-0.1507193;0.715765
1163754317;41.01034;-8.637931;-0.1507603;0.7157655
1163754341;41.00941;-8.637947;-0.1507606;0.7157492
441803453;41.00397;-8.641468;-0.1508221;0.7156544
441819732;41.01203;-8.62956;-0.1506142;0.7157949
441803439;41.00664;-8.641435;-0.1508215;0.7157009
443817655;41.00535;-8.643041;-0.1508495;0.7156783
443813070;41.00468;-8.640858;-0.1508114;0.7156667
441803021;41.00535;-8.639911;-0.1507949;0.7156784
443813129;41.00066;-8.640916;-0.1508124;0.7155965
443813117;41.00535;-8.640849;-0.1508113;0.7156783
443813126;41.00312;-8.640882;-0.1508118;0.7156395
768566003;41.00592;-8.635313;-0.1507147;0.7156882
441819735;41.01001;-8.627022;-0.1505699;0.7157597
443813076;41.00664;-8.640833;-0.150811;0.7157009
441819739;41.00887;-8.624871;-0.1505324;0.7157397
771440052;41.0073;-8.631206;-0.150643;0.7157124
441819726;41.01307;-8.632272;-0.1506616;0.7158132
769314495;41.00896;-8.624971;-0.1505342;0.7157415
443813100;41.00397;-8.64087;-0.1508116;0.7156544
443817801;41.01012;-8.634705;-0.150704;0.7157615
441819737;41.00932;-8.62582;-0.150549;0.7157477
443813234;41.00315;-8.639056;-0.15078;0.7156399
441803444;41.00535;-8.641447;-0.1508217;0.7156783
771440310;41.00719;-8.631453;-0.1506473;0.7157105
443817844;41.01104;-8.635199;-0.1507127;0.7157777
443817797;41.01018;-8.63512;-0.1507113;0.7157627
441819733;41.01186;-8.629082;-0.1506059;0.715792
443803687;41.00821;-8.632438;-0.1506645;0.7157283
771440364;41.00712;-8.631323;-0.150645;0.7157092
441803022;41.00468;-8.639927;-0.1507952;0.7156666
443809273;41.00716;-8.631205;-0.1506429;0.7157099
443817435;41.00468;-8.643056;-0.1508498;0.7156668
441819728;41.01247;-8.631542;-0.1506488;0.7158027
443812931;41.00594;-8.640838;-0.1508111;0.7156886
441802854;41.00847;-8.634525;-0.1507009;0.7157329
443813226;41.00317;-8.636302;-0.1507319;0.7156402
443813108;41.00396;-8.636296;-0.1507318;0.7156541
771439567;41.0072;-8.631327;-0.1506451;0.7157107
441803020;41.00593;-8.639898;-0.1507947;0.7156885
441819731;41.01219;-8.630646;-0.1506332;0.7157978
441803441;41.00594;-8.641441;-0.1508216;0.7156886
441805496;41.00592;-8.638011;-0.1507617;0.7156884
441803019;41.00664;-8.639876;-0.1507943;0.7157009
443817656;41.00535;-8.643349;-0.1508549;0.7156783
441819727;41.01271;-8.631859;-0.1506544;0.7158068
443813115;41.00536;-8.639025;-0.1507794;0.7156785
768566001;41.00467;-8.636301;-0.1507319;0.7156665
441819736;41.00952;-8.62637;-0.1505586;0.7157511
443809284;41.00692;-8.632731;-0.1506696;0.7157058
441803339;41.00469;-8.644055;-0.1508672;0.7156668
441819730;41.01233;-8.631212;-0.1506431;0.7158002
771440327;41.0071;-8.630974;-0.1506389;0.715709
443803686;41.00771;-8.6336;-0.1506847;0.7157196
443817389;41.00595;-8.643024;-0.1508492;0.7156889
1108285755;41.00396;-8.635377;-0.1507158;0.7156541
1163690654;41.00121;-8.636333;-0.1507325;0.715606
441803024;41.00314;-8.639944;-0.1507955;0.7156397
443817708;41.00309;-8.643101;-0.1508506;0.7156389
441805510;41.00397;-8.638158;-0.1507643;0.7156543
441803556;40.99466;-8.645411;-0.1508909;0.7154917
772873296;41.01104;-8.644917;-0.1508823;0.7157776
441803330;41.00945;-8.643927;-0.150865;0.7157499
441803331;41.00886;-8.644022;-0.1508666;0.7157397
772873292;41.0098;-8.644467;-0.1508744;0.7157559
771439432;41.00548;-8.632548;-0.1506664;0.7156807
443800960;41.00397;-8.638046;-0.1507623;0.7156543
443809274;41.0094;-8.637082;-0.1507455;0.715749
443809275;41.00848;-8.6371;-0.1507458;0.7157329
443809276;41.00396;-8.637162;-0.1507469;0.7156542
443809290;41.00316;-8.637163;-0.1507469;0.7156401
443812903;41.0094;-8.636246;-0.1507309;0.715749
443813089;41.00847;-8.636251;-0.150731;0.7157329
443813090;41.00846;-8.635248;-0.1507135;0.7157327
443817322;41.00939;-8.635395;-0.1507161;0.7157489
443817684;41.01105;-8.637038;-0.1507448;0.7157779
443817689;41.01033;-8.637054;-0.150745;0.7157654
443817692;41.00783;-8.63712;-0.1507462;0.7157216
443817715;41.00783;-8.636268;-0.1507313;0.7157217
443817736;41.01033;-8.636239;-0.1507308;0.7157653
443817737;41.01105;-8.636233;-0.1507307;0.7157778
443817747;41.00782;-8.635263;-0.1507138;0.7157215
443817769;41.00782;-8.634438;-0.1506994;0.7157215
443817788;41.01033;-8.635755;-0.1507224;0.7157653
443817815;41.01019;-8.634547;-0.1507013;0.7157629
443817821;41.01059;-8.634562;-0.1507015;0.7157698
443817831;41.01085;-8.634734;-0.1507045;0.7157743
443817891;41.00948;-8.63537;-0.1507156;0.7157505
443817968;41.00793;-8.644969;-0.1508832;0.7157234
768226314;41.00794;-8.645561;-0.1508935;0.7157235
768226331;41.00534;-8.644571;-0.1508762;0.7156782
768565990;41.00537;-8.63628;-0.1507315;0.7156787
768565993;41.00467;-8.637157;-0.1507468;0.7156665
768565996;41.00592;-8.637147;-0.1507467;0.7156882
768565999;41.00592;-8.636279;-0.1507315;0.7156882
768566000;41.00538;-8.635334;-0.150715;0.7156789
768566004;41.00536;-8.637155;-0.1507468;0.7156785
772873247;41.00666;-8.638109;-0.1507635;0.7157013
893326744;41.0066;-8.644547;-0.1508758;0.7157001
907146396;41.00593;-8.638124;-0.1507637;0.7156885
1163690606;41.01174;-8.637905;-0.1507599;0.7157899
1163690609;41.0004;-8.638057;-0.1507625;0.715592
1163690619;41.00053;-8.638145;-0.1507641;0.7155942
1163690647;41.00068;-8.638198;-0.150765;0.7155969
1163690657;41.00121;-8.638097;-0.1507632;0.715606
1163690664;41.01173;-8.638021;-0.1507619;0.7157898
1163690667;41.00056;-8.638028;-0.150762;0.7155948
1163754346;41.01035;-8.63804;-0.1507622;0.7157657
1163754363;41.00941;-8.638062;-0.1507626;0.7157493
1163754367;41.01107;-8.637918;-0.1507601;0.7157781
441802796;41.00849;-8.638078;-0.1507629;0.7157331
441803110;41.01181;-8.638022;-0.1507619;0.715791
441803114;41.01217;-8.637014;-0.1507443;0.7157974
441803121;41.01226;-8.636218;-0.1507304;0.7157989
441803619;41.00939;-8.635214;-0.1507129;0.7157488
441805488;41.00849;-8.637964;-0.1507609;0.7157331
441805490;41.01184;-8.637911;-0.15076;0.7157917
441805497;41.00537;-8.638021;-0.1507619;0.7156787
441805498;41.00468;-8.638033;-0.1507621;0.7156666
441805500;41.00317;-8.638061;-0.1507626;0.7156402
441805501;41.00237;-8.638076;-0.1507629;0.7156263
441805508;41.00537;-8.638134;-0.1507639;0.7156787
441805509;41.00468;-8.638145;-0.1507641;0.7156667
441805511;41.00316;-8.638171;-0.1507645;0.7156402
441805513;41.00094;-8.638209;-0.1507652;0.7156014
768226313;41.00597;-8.645444;-0.1508915;0.7156891
768226317;41.00534;-8.645457;-0.1508917;0.7156782
768226321;41.00664;-8.644989;-0.1508835;0.7157009
768226322;41.0047;-8.645472;-0.1508919;0.7156669
768226324;41.00665;-8.645429;-0.1508912;0.715701
768226323;41.00793;-8.644541;-0.1508757;0.7157233
1163609324;41.01258;-8.644526;-0.1508754;0.7158045
1163609472;41.01254;-8.644405;-0.1508733;0.7158037
1163609511;41.01257;-8.644473;-0.1508745;0.7158045
1163609518;41.01165;-8.644437;-0.1508739;0.7157883
772873132;41.01254;-8.644616;-0.150877;0.7158039
772873139;41.00978;-8.644943;-0.1508827;0.7157558
772873166;41.01198;-8.644882;-0.1508817;0.7157941
772873225;41.01228;-8.644746;-0.1508793;0.7157994
772873245;41.01174;-8.644942;-0.1508827;0.7157899
772873273;41.01168;-8.644947;-0.1508828;0.7157888
772873294;41.01212;-8.644417;-0.1508735;0.7157965
441803015;41.00941;-8.639832;-0.1507935;0.7157492
441803296;41.00941;-8.638949;-0.1507781;0.7157492
441803016;41.0085;-8.639839;-0.1507936;0.7157333
441803017;41.00819;-8.639846;-0.1507938;0.7157279
441803332;41.0081;-8.643953;-0.1508655;0.7157264
441803431;41.0085;-8.641398;-0.1508209;0.7157334
441803434;41.00816;-8.641398;-0.1508209;0.7157274
441803474;41.00814;-8.642319;-0.1508369;0.7157271
443809931;41.00817;-8.6408;-0.1508104;0.7157276
443817700;41.00812;-8.642961;-0.1508481;0.7157267
443803694;41.00902;-8.628138;-0.1505894;0.7157425
768602760;41.00893;-8.629588;-0.1506147;0.7157409
773396039;41.00889;-8.627965;-0.1505864;0.7157401
443803692;41.01048;-8.629714;-0.1506169;0.7157679
443803693;41.01024;-8.629316;-0.15061;0.7157637
441803483;41.00845;-8.643931;-0.1508651;0.7157324
443817589;41.00398;-8.645487;-0.1508922;0.7156545
768226330;41.00597;-8.644557;-0.150876;0.7156891
443817971;41.00596;-8.645;-0.1508837;0.7156891
443817975;41.00534;-8.645009;-0.1508839;0.7156782
441813278;41.00721;-8.637139;-0.1507465;0.7157108
441803014;41.01036;-8.639828;-0.1507934;0.7157658
441803285;41.01104;-8.643683;-0.1508607;0.7157778
441803301;41.01238;-8.638947;-0.1507781;0.7158011
441803328;41.0123;-8.64398;-0.1508659;0.7157996
441803367;41.01231;-8.643008;-0.150849;0.7157999
441803370;41.01234;-8.641499;-0.1508226;0.7158004
441803372;41.01235;-8.640737;-0.1508093;0.7158006
441803375;41.01239;-8.638562;-0.1507713;0.7158012
441803451;41.00468;-8.641471;-0.1508221;0.7156667
443800958;41.00468;-8.642365;-0.1508377;0.7156668
443800961;41.00592;-8.639016;-0.1507793;0.7156884
907146393;41.00666;-8.63888;-0.1507769;0.7157013
907146404;41.00593;-8.638877;-0.1507768;0.7156885
443809933;41.00914;-8.642392;-0.1508382;0.7157444
1163701458;41.00452;-8.634035;-0.1506923;0.7156639
441802934;41.00842;-8.627381;-0.1505762;0.715732
441802805;41.00842;-8.634355;-0.1506979;0.715732
441802828;41.00842;-8.634112;-0.1506937;0.715732
441802954;41.01247;-8.635453;-0.1507171;0.7158027
441802961;41.01134;-8.634403;-0.1506988;0.7157829
441802980;41.01077;-8.634224;-0.1506956;0.715773
441802942;41.00838;-8.631721;-0.1506519;0.7157313
441802816;41.00828;-8.634282;-0.1506967;0.7157295
441802984;41.01053;-8.634255;-0.1506962;0.7157688
441803623;41.00855;-8.634182;-0.1506949;0.7157342
441805512;41.00235;-8.638188;-0.1507648;0.7156261
441805522;40.99749;-8.635489;-0.1507177;0.7155411
441819722;41.00837;-8.634007;-0.1506918;0.7157311
441819723;41.00755;-8.634;-0.1506917;0.7157168
443803684;41.00751;-8.633759;-0.1506875;0.7157162
443809282;41.0072;-8.633891;-0.1506898;0.7157106
768226311;41.01339;-8.641584;-0.1508241;0.7158186
768602748;41.0088;-8.63342;-0.1506816;0.7157387
769314252;41.00845;-8.632439;-0.1506645;0.7157325
769314409;41.00843;-8.628536;-0.1505964;0.7157322
769314426;41.00846;-8.633912;-0.1506902;0.7157327
769314447;41.00842;-8.625319;-0.1505402;0.7157319
769314452;41.00855;-8.634282;-0.1506967;0.7157342
771439427;40.99775;-8.634392;-0.1506986;0.7155457
771439555;41.00548;-8.634024;-0.1506921;0.7156806
771439566;40.99774;-8.634304;-0.150697;0.7155456
913123040;41.01443;-8.639797;-0.1507929;0.7158369
1163701463;41.00452;-8.633313;-0.1506797;0.7156639
1163701471;41.00397;-8.63332;-0.1506799;0.7156543
441803592;41.0092;-8.644478;-0.1508746;0.7157455
926828793;41.00908;-8.645376;-0.1508903;0.7157434
926828796;41.00911;-8.645343;-0.1508897;0.7157439
443813102;41.00397;-8.639052;-0.1507799;0.7156543
768565995;41.00468;-8.63904;-0.1507797;0.7156667
768203717;40.99831;-8.643911;-0.1508647;0.7155554
768203722;40.9995;-8.64421;-0.1508699;0.7155763
768203726;40.99892;-8.644064;-0.1508674;0.7155661
1163690679;41.00118;-8.635251;-0.1507136;0.7156056
443813224;41.0033;-8.635396;-0.1507161;0.7156426
441819692;41.00385;-8.634098;-0.1506934;0.7156522
441819724;41.00413;-8.634039;-0.1506924;0.7156571
441819655;41.00407;-8.634082;-0.1506932;0.715656
441819672;41.00396;-8.634521;-0.1507008;0.7156541
441819677;41.00386;-8.634473;-0.1507;0.7156525
441803112;41.01201;-8.637466;-0.1507522;0.7157946
441803385;41.01219;-8.63806;-0.1507626;0.7157978
769314425;41.00863;-8.634275;-0.1506965;0.7157357
769314375;41.00828;-8.633997;-0.1506917;0.7157295
441819719;41.00828;-8.634194;-0.1506951;0.7157295
441803319;41.013;-8.641554;-0.1508236;0.7158118
441803322;41.013;-8.643009;-0.150849;0.7158118
441803393;41.01368;-8.642858;-0.1508463;0.7158238
441803401;41.01334;-8.643006;-0.1508489;0.7158179
441803018;41.00721;-8.63987;-0.1507942;0.7157109
441803333;41.00722;-8.64399;-0.1508661;0.7157111
441803436;41.00722;-8.641425;-0.1508213;0.7157109
441803604;41.00722;-8.645416;-0.150891;0.7157111
441805493;41.00721;-8.637992;-0.1507614;0.7157108
441805495;41.0066;-8.637999;-0.1507615;0.7157003
441805507;41.00721;-8.638104;-0.1507634;0.7157108
441813252;41.00722;-8.642335;-0.1508372;0.7157109
441813273;41.00722;-8.644979;-0.1508834;0.7157111
441813274;41.00722;-8.644535;-0.1508756;0.7157111
441813275;41.00722;-8.643307;-0.1508542;0.7157109
441813276;41.00722;-8.64299;-0.1508486;0.7157109
441813277;41.00721;-8.640824;-0.1508108;0.7157109
441813279;41.00721;-8.636285;-0.1507316;0.7157108
441813280;41.00721;-8.635288;-0.1507142;0.7157108
441813281;41.0072;-8.634447;-0.1506995;0.7157107
768565991;41.0066;-8.634449;-0.1506996;0.7157001
768565992;41.00465;-8.634471;-0.1506999;0.7156662
768565994;41.0066;-8.635296;-0.1507143;0.7157001
768565997;41.0066;-8.637139;-0.1507465;0.7157001
768566002;41.0066;-8.636276;-0.1507315;0.7157001
768572554;41.00414;-8.634477;-0.1507;0.7156572
1602335208;40.99648;-8.645855;-0.1508986;0.7155235
1602335209;40.99735;-8.642338;-0.1508372;0.7155387
1602335210;40.99743;-8.640007;-0.1507966;0.7155401
1602335212;41.00159;-8.643904;-0.1508646;0.7156128
1602335216;41.00217;-8.643014;-0.150849;0.7156229
1258977007;40.99864;-8.643147;-0.1508514;0.7155613
1502290200;41.00177;-8.64347;-0.150857;0.7156158
1602346487;41.00238;-8.636567;-0.1507365;0.7156265
1602346489;41.00398;-8.645865;-0.1508988;0.7156545
1602346501;41.00463;-8.644551;-0.1508759;0.7156658
1602346510;41.0047;-8.64584;-0.1508984;0.715667
1252555690;41.00964;-8.643402;-0.1508558;0.7157533
1163754840;41.01072;-8.63463;-0.1507027;0.715772
1163754829;41.00967;-8.626639;-0.1505633;0.7157539
1163754835;41.00434;-8.644046;-0.1508671;0.7156608
1163754844;41.00804;-8.632603;-0.1506673;0.7157254
1163754847;41.01013;-8.634601;-0.1507022;0.7157618
1257484862;41.00238;-8.636317;-0.1507322;0.7156266
1257479105;40.99982;-8.642106;-0.1508332;0.7155818
1257479092;40.99845;-8.640004;-0.1507965;0.7155579
1259665597;41.00047;-8.642207;-0.150835;0.7155933
1259665639;41.00054;-8.642379;-0.150838;0.7155944
1219176490;41.00385;-8.630416;-0.1506292;0.7156522
1219229809;41.00934;-8.625875;-0.1505499;0.715748
1309242516;41.0137;-8.638303;-0.1507668;0.7158241
1309251224;41.01366;-8.638354;-0.1507677;0.7158235
1309227908;41.01399;-8.631515;-0.1506484;0.7158291
1309235191;41.01459;-8.631386;-0.1506461;0.7158397
1309240067;41.01451;-8.63141;-0.1506465;0.7158383
1309247589;41.01301;-8.638937;-0.1507779;0.7158121
1309232325;41.01412;-8.634688;-0.1507037;0.7158314
1309237215;41.00899;-8.625016;-0.1505349;0.7157419
1309232731;41.01378;-8.63147;-0.1506476;0.7158256
1309242367;41.01445;-8.638398;-0.1507685;0.7158372
1309243906;41.01301;-8.639055;-0.15078;0.7158121
1309245844;41.0135;-8.631562;-0.1506492;0.7158207
1309233324;41.01451;-8.639977;-0.1507961;0.7158383
1309229987;41.01424;-8.63766;-0.1507556;0.7158336
1309227895;41.01422;-8.63451;-0.1507006;0.7158331
1309229130;41.01483;-8.631289;-0.1506444;0.7158439
1309235666;41.01438;-8.638029;-0.1507621;0.715836
1309235846;41.01371;-8.638238;-0.1507657;0.7158243
1309236759;41.01418;-8.634623;-0.1507026;0.7158324
1309236907;41.00992;-8.626921;-0.1505682;0.7157581
1309247172;41.01464;-8.640513;-0.1508054;0.7158405
1309249002;41.01413;-8.631512;-0.1506483;0.7158315
1309235378;41.01337;-8.635197;-0.1507126;0.7158183
1309238175;41.01352;-8.631411;-0.1506465;0.7158209
1309238548;41.01364;-8.636766;-0.15074;0.7158231
1309240805;41.01434;-8.631467;-0.1506475;0.7158353
1309241225;41.01327;-8.635492;-0.1507178;0.7158166
1309246348;41.01389;-8.637026;-0.1507445;0.7158273
1309255632;41.01476;-8.640616;-0.1508072;0.7158426
1309249463;41.01323;-8.635838;-0.1507238;0.7158158
1309250814;41.01447;-8.638766;-0.1507749;0.7158375
1309554866;41.00914;-8.62945;-0.1506123;0.7157445
1309554151;41.00856;-8.629707;-0.1506168;0.7157343
1309553792;41.01009;-8.632959;-0.1506736;0.7157612
1309555798;41.00886;-8.634182;-0.1506949;0.7157397
1309554680;41.00965;-8.632242;-0.1506611;0.7157534
1309553523;41.00953;-8.63258;-0.1506669;0.7157513
1309559909;41.01032;-8.633974;-0.1506913;0.7157651
1309561302;41.01025;-8.632989;-0.1506741;0.7157639
1309554415;41.00983;-8.632838;-0.1506715;0.7157566
1309556277;41.01032;-8.633146;-0.1506768;0.7157651
1309563467;41.0098;-8.632767;-0.1506702;0.7157561
1309559362;41.00989;-8.632977;-0.1506739;0.7157575
1309564244;41.01032;-8.633467;-0.1506824;0.7157651
1309564272;41.0096;-8.632025;-0.1506573;0.7157525
1342089818;40.99957;-8.629944;-0.1506209;0.7155775
1342089819;41.00063;-8.630259;-0.1506264;0.715596
1342089961;41.00024;-8.629731;-0.1506172;0.7155891
1342090067;41.00106;-8.630798;-0.1506359;0.7156036
1342090240;41.00007;-8.631376;-0.1506459;0.7155862
1342090257;41.00095;-8.630797;-0.1506358;0.7156016
1342090826;41.00048;-8.629879;-0.1506198;0.7155934
1342089864;40.99921;-8.632447;-0.1506646;0.7155712
1342089953;40.99928;-8.629747;-0.1506175;0.7155724
1342089846;41.00088;-8.630816;-0.1506362;0.7156003
1342089985;40.99988;-8.631692;-0.1506514;0.7155829
1342090001;41.00246;-8.63065;-0.1506332;0.7156279
1342090562;40.99903;-8.628986;-0.1506042;0.715568
1342090675;41.00047;-8.630569;-0.1506318;0.7155931
1342090770;40.99999;-8.631548;-0.1506489;0.7155849
1342090896;41.00121;-8.630811;-0.1506361;0.715606
1342090974;40.99949;-8.632299;-0.150662;0.715576
1342091039;40.99952;-8.629407;-0.1506116;0.7155766
1342091137;40.99942;-8.629897;-0.1506201;0.7155749
1342090029;40.99844;-8.632196;-0.1506602;0.7155577
1342090036;41.0002;-8.629926;-0.1506206;0.7155885
1342090085;40.99944;-8.632385;-0.1506635;0.7155752
1342090089;40.99914;-8.629485;-0.1506129;0.71557
1342091126;41.00044;-8.631008;-0.1506395;0.7155926
1342091159;41.00205;-8.630682;-0.1506338;0.7156208
1342089831;41.00166;-8.630742;-0.1506349;0.7156139
1342089841;40.99962;-8.632029;-0.1506573;0.7155784
1342089842;41.00064;-8.630178;-0.150625;0.7155961
1342089849;40.99873;-8.632279;-0.1506617;0.7155628
1342089894;41.0008;-8.630843;-0.1506366;0.7155991
1342090220;41.00028;-8.629887;-0.1506199;0.7155899
1342090263;40.99934;-8.632427;-0.1506643;0.7155735
1342090334;41.00004;-8.629375;-0.150611;0.7155857
1342090670;40.99983;-8.629905;-0.1506203;0.7155821
1342090816;41.00033;-8.630841;-0.1506366;0.7155908
1342090821;40.99956;-8.632166;-0.1506597;0.7155774
1342091027;40.99905;-8.62921;-0.1506081;0.7155684
1342091138;41.00063;-8.630108;-0.1506238;0.715596
1342089837;41.00032;-8.629803;-0.1506185;0.7155907
1342090042;40.9998;-8.631802;-0.1506534;0.7155815
1342090099;40.99979;-8.629455;-0.1506124;0.7155814
1342090260;40.99895;-8.632348;-0.1506629;0.7155666
1342090811;41.00132;-8.630797;-0.1506358;0.7156081
1342090815;41;-8.629889;-0.15062;0.7155849
1342090880;40.99917;-8.629143;-0.150607;0.7155706
1342089879;41.00009;-8.629395;-0.1506113;0.7155866
1342091142;41.00016;-8.629534;-0.1506138;0.7155877
1342091203;41.00021;-8.631104;-0.1506412;0.7155886
1342091167;40.99971;-8.631922;-0.1506554;0.71558
1342091197;41.00058;-8.629966;-0.1506213;0.7155951
1524892962;41.01043;-8.64493;-0.1508825;0.715767
1524901217;41.00937;-8.644011;-0.1508665;0.7157485
1524901218;41.00942;-8.644423;-0.1508736;0.7157494
1524901219;41.00942;-8.643989;-0.1508661;0.7157494
1524901220;41.00948;-8.644004;-0.1508663;0.7157504
1524901221;41.00967;-8.644402;-0.1508733;0.7157537
1524901222;41.00967;-8.644126;-0.1508685;0.7157539
1524901223;41.0097;-8.64444;-0.1508739;0.7157544
1257471273;41.00965;-8.644257;-0.1508707;0.7157535
1257471275;41.00972;-8.644067;-0.1508674;0.7157546
1257471276;41.0096;-8.644052;-0.1508672;0.7157525
1257471277;41.00965;-8.64435;-0.1508724;0.7157534
1257471278;41.00959;-8.644019;-0.1508666;0.7157524
1257471279;41.00945;-8.644253;-0.1508707;0.7157499
1257471281;41.00946;-8.644436;-0.1508739;0.7157501
1257471282;41.00955;-8.644483;-0.1508747;0.7157516
1257471283;41.00959;-8.644464;-0.1508743;0.7157524
1257471284;41.00972;-8.644476;-0.1508746;0.7157546
1257471285;41.00965;-8.644164;-0.1508691;0.7157534
1257471286;41.00956;-8.644032;-0.1508668;0.7157518
1257471287;41.00964;-8.644012;-0.1508665;0.7157533
1257471288;41.00944;-8.644353;-0.1508724;0.7157498
1257471289;41.00963;-8.644083;-0.1508677;0.715753
1257471290;41.00943;-8.644049;-0.1508671;0.7157495
1257471291;41.00946;-8.64409;-0.1508678;0.7157501
1257471292;41.00937;-8.644473;-0.1508745;0.7157484
1257471293;41.00949;-8.644474;-0.1508745;0.7157506
1257471295;41.0098;-8.644012;-0.1508665;0.7157561
1257471296;41.00945;-8.644151;-0.1508689;0.7157499
1257471297;41.00963;-8.644425;-0.1508737;0.715753
1257471298;41.00951;-8.644034;-0.1508669;0.7157509
1524931193;41.00548;-8.632969;-0.1506737;0.7156807
1524931200;41.00548;-8.63276;-0.1506701;0.7156807
1524931202;41.00571;-8.632969;-0.1506737;0.7156847
1524931204;41.00571;-8.63276;-0.1506701;0.7156847
1524931206;41.00571;-8.632548;-0.1506664;0.7156847
1524931208;41.00638;-8.633045;-0.1506751;0.7156963
1524931210;41.00638;-8.632526;-0.150666;0.7156963
1524931211;41.00655;-8.633046;-0.1506751;0.7156993
1524931212;41.00655;-8.632527;-0.150666;0.7156993
1635359411;41.00797;-8.645607;-0.1508943;0.7157241
1635359415;41.008;-8.645628;-0.1508947;0.7157246
1635359420;41.00838;-8.63442;-0.1506991;0.7157312
1635359422;41.01046;-8.634542;-0.1507012;0.7157676
1635371326;41.00659;-8.644065;-0.1508674;0.7157
1635371328;41.0066;-8.644526;-0.1508754;0.7157001
1635378979;41.00733;-8.645955;-0.1509004;0.715713
1635381594;41.01165;-8.644902;-0.150882;0.7157883
1635381596;41.01166;-8.644935;-0.1508826;0.7157885
1524892964;41.01043;-8.644457;-0.1508742;0.7157671
1524892971;41.01104;-8.64445;-0.1508741;0.7157777
1635405517;41.00921;-8.639333;-0.1507848;0.7157458
1635405519;41.00921;-8.639432;-0.1507865;0.7157458
1635405529;41.0093;-8.639431;-0.1507865;0.7157472
1635405530;41.0093;-8.639332;-0.1507848;0.7157474
1635405532;41.00934;-8.639379;-0.1507856;0.715748
1635405538;41.00941;-8.639378;-0.1507856;0.7157492
1635406837;41.00822;-8.642955;-0.150848;0.7157284
1635406838;41.00825;-8.642321;-0.1508369;0.7157289
1637358147;41.00895;-8.629528;-0.1506137;0.7157411
1637358148;41.00898;-8.62949;-0.150613;0.7157416
1309562550;41.00856;-8.628987;-0.1506042;0.7157344
1547600971;41.00854;-8.628935;-0.1506033;0.7157341
1547600969;41.00851;-8.628907;-0.1506028;0.7157336
1547601016;41.00973;-8.629516;-0.1506135;0.7157548
1547601020;41.0098;-8.629527;-0.1506137;0.7157559
1547601022;41.01009;-8.629509;-0.1506133;0.7157612
1547601024;41.01012;-8.629176;-0.1506075;0.7157615
1547601027;41.01016;-8.629431;-0.150612;0.7157624
1547601030;41.01036;-8.629469;-0.1506127;0.7157658
1309561426;41.00967;-8.629476;-0.1506128;0.7157539
1547680294;41.00596;-8.644082;-0.1508677;0.7156891
1547680300;41.00597;-8.644515;-0.1508753;0.7156891
1547680415;41.00859;-8.643927;-0.150865;0.715735
1547680417;41.00864;-8.643994;-0.1508662;0.7157357
1547680416;41.00868;-8.643843;-0.1508635;0.7157365
1563324298;41.00983;-8.6442;-0.1508698;0.7157565
1563324304;41.01197;-8.644134;-0.1508686;0.7157938
1563324306;41.01236;-8.644128;-0.1508685;0.7158006
1563324309;41.01255;-8.644108;-0.1508681;0.715804
1563324312;41.01267;-8.643973;-0.1508658;0.7158062
1252555546;41.01253;-8.643975;-0.1508658;0.7158037
1563326054;41.00666;-8.639156;-0.1507817;0.7157013
1563326058;41.00742;-8.639693;-0.1507911;0.7157146
1563326059;41.00743;-8.63912;-0.1507811;0.7157146
1563339998;41.00914;-8.64233;-0.1508371;0.7157446
1563339999;41.00918;-8.642298;-0.1508366;0.7157453
1563340000;41.00977;-8.643321;-0.1508544;0.7157556
1563340001;41.01009;-8.642854;-0.1508463;0.715761
1564682239;41.01315;-8.643941;-0.1508652;0.7158144
1564682242;41.01327;-8.6439;-0.1508645;0.7158166
1564682243;41.01347;-8.643799;-0.1508628;0.7158201
1564682246;41.01362;-8.64369;-0.1508608;0.7158227
1564682247;41.01381;-8.64352;-0.1508579;0.7158261
1564682255;41.01453;-8.640201;-0.1507999;0.7158386
1309228061;41.0145;-8.639679;-0.1507908;0.7158381
1309231201;41.01486;-8.640666;-0.1508081;0.7158443
1309239476;41.01457;-8.640391;-0.1508033;0.7158393
1645705790;40.99825;-8.632131;-0.1506591;0.7155544
1645705851;41.00232;-8.64644;-0.1509088;0.7156255
1645705807;41.0018;-8.6434;-0.1508558;0.7156164
1645705880;41.00266;-8.646193;-0.1509045;0.7156315
1645705881;41.00266;-8.64642;-0.1509085;0.7156315
1645705882;41.00297;-8.64628;-0.1509061;0.7156368
1645705884;41.00297;-8.646401;-0.1509082;0.7156368
1163754851;41.0072;-8.634004;-0.1506918;0.7157106
1254096868;41.01345;-8.63483;-0.1507062;0.7158197
1254096881;41.01395;-8.637463;-0.1507522;0.7158284
1254096883;41.01329;-8.63509;-0.1507107;0.7158169
1254096892;41.0132;-8.636468;-0.1507348;0.7158154
1254096898;41.01413;-8.637414;-0.1507513;0.7158315
1254096920;41.0131;-8.636061;-0.1507277;0.7158136
1254096930;41.01389;-8.637288;-0.1507491;0.7158275
1254096941;41.01315;-8.636326;-0.1507323;0.7158145
1254096947;41.01378;-8.637124;-0.1507463;0.7158255
1254096952;41.01316;-8.635426;-0.1507166;0.7158147
1254096955;41.01307;-8.635883;-0.1507246;0.7158132
1254096958;41.01332;-8.636628;-0.1507376;0.7158174
1254096959;41.01401;-8.637557;-0.1507538;0.7158295
1309227915;41.01329;-8.637105;-0.1507459;0.715817
1309227923;41.0134;-8.637953;-0.1507607;0.7158189
1309227957;41.01254;-8.635631;-0.1507202;0.7158039
1309227967;41.01274;-8.636547;-0.1507362;0.7158074
1309228085;41.01363;-8.638387;-0.1507683;0.7158229
1309228140;41.01375;-8.637978;-0.1507612;0.715825
1309228164;41.01241;-8.636518;-0.1507357;0.7158015
1309228921;41.013;-8.63776;-0.1507574;0.715812
1309229973;41.01356;-8.637891;-0.1507596;0.7158217
1309230079;41.01368;-8.638151;-0.1507642;0.7158237
1309230285;41.01321;-8.637925;-0.1507602;0.7158155
1309231395;41.01388;-8.638302;-0.1507668;0.7158272
1309231906;41.01283;-8.63713;-0.1507463;0.7158089
1309232712;41.01287;-8.635964;-0.150726;0.7158097
1309232813;41.01338;-8.63717;-0.150747;0.7158185
1309233099;41.01266;-8.63555;-0.1507188;0.7158059
1309233104;41.01277;-8.636317;-0.1507322;0.7158079
1309233408;41.01354;-8.638355;-0.1507677;0.7158213
1309233728;41.01238;-8.636011;-0.1507268;0.7158011
1309234072;41.01289;-8.636724;-0.1507393;0.71581
1309236924;41.01381;-8.638456;-0.1507695;0.7158259
1309237340;41.0127;-8.637065;-0.1507452;0.7158067
1309237418;41.01297;-8.637546;-0.1507536;0.7158113
1309238029;41.01278;-8.635587;-0.1507194;0.715808
1309238369;41.01344;-8.637301;-0.1507494;0.7158195
1309238695;41.01342;-8.638076;-0.1507629;0.7158193
1309239090;41.01287;-8.636065;-0.1507278;0.7158097
1309239487;41.01348;-8.638279;-0.1507664;0.7158203
1309239651;41.01385;-8.638097;-0.1507632;0.7158267
1309239823;41.01245;-8.635728;-0.1507219;0.7158024
1309239836;41.01411;-8.643269;-0.1508535;0.7158313
1309239946;41.01284;-8.636806;-0.1507407;0.715809
1309243015;41.01258;-8.636791;-0.1507404;0.7158046
1309245926;41.01348;-8.637612;-0.1507548;0.7158203
1309246372;41.01361;-8.638103;-0.1507633;0.7158226
1309246546;41.01306;-8.637843;-0.1507588;0.7158129
1309247964;41.01284;-8.636909;-0.1507425;0.7158092
1309248656;41.01252;-8.635672;-0.1507209;0.7158036
1309249261;41.01321;-8.637113;-0.150746;0.7158156
1309249775;41.01276;-8.636682;-0.1507385;0.7158076
1309252064;41.01243;-8.636616;-0.1507374;0.7158019
1309253590;41.01263;-8.636983;-0.1507438;0.7158054
1309254295;41.01357;-8.637816;-0.1507583;0.7158219
1309255764;41.01389;-8.638211;-0.1507652;0.7158273
1309256103;41.01294;-8.637125;-0.1507463;0.7158108
1309256150;41.01302;-8.637245;-0.1507484;0.7158122
1309554106;41.00893;-8.634002;-0.1506918;0.7157409
1309555583;41.00973;-8.633598;-0.1506847;0.7157548
1309558099;41.00882;-8.632771;-0.1506703;0.715739
1309560912;41.00882;-8.633592;-0.1506846;0.7157388
1309562459;41.00886;-8.633979;-0.1506914;0.7157396
1309563261;41.00881;-8.633144;-0.1506768;0.7157387
1547600964;41.00843;-8.62891;-0.1506029;0.7157322
1563326049;41.00592;-8.639162;-0.1507818;0.7156884
1637358145;41.00844;-8.629707;-0.1506168;0.7157323
1637358302;41.00842;-8.627553;-0.1505792;0.715732
1637358303;41.00843;-8.628199;-0.1505905;0.7157322
1563324299;41.00989;-8.644156;-0.150869;0.7157576
1563324310;41.01265;-8.644072;-0.1508675;0.7158058
1595004587;41.01059;-8.638037;-0.1507622;0.7157698
1595004603;41.01086;-8.638033;-0.1507621;0.7157746
1595004591;41.01065;-8.638181;-0.1507647;0.7157708
1595004593;41.01072;-8.638185;-0.1507648;0.7157722
1595004596;41.01081;-8.638336;-0.1507674;0.7157737
1595004599;41.01083;-8.638191;-0.1507649;0.715774
1595004601;41.01083;-8.638352;-0.1507677;0.7157741
1595004604;41.01095;-8.638189;-0.1507648;0.7157761
1595004606;41.01108;-8.638187;-0.1507648;0.7157784
1595004609;41.0111;-8.638347;-0.1507676;0.7157788
1595004611;41.01114;-8.638308;-0.1507669;0.7157794
1595004612;41.01114;-8.63825;-0.1507659;0.7157794
1258977010;40.99852;-8.643966;-0.1508657;0.7155592
1635359418;41.00821;-8.645622;-0.1508946;0.7157282
1563326055;41.00721;-8.639693;-0.1507911;0.7157109
1563326056;41.00721;-8.639121;-0.1507811;0.7157109
1563326057;41.00742;-8.639865;-0.1507941;0.7157146
1309227921;41.01329;-8.636249;-0.150731;0.715817
1309229354;41.01346;-8.635061;-0.1507103;0.71582
1309232945;41.01346;-8.636545;-0.1507362;0.7158199
1309237613;41.01404;-8.63475;-0.1507048;0.71583
1309243102;41.0143;-8.633591;-0.1506846;0.7158346
1309248431;41.01425;-8.634237;-0.1506959;0.7158337
1309253702;41.01382;-8.634844;-0.1507065;0.7158263
1252555549;41.01358;-8.643003;-0.1508489;0.715822
1252555550;41.01364;-8.643001;-0.1508488;0.7158231
1252555691;41.00872;-8.644025;-0.1508667;0.7157372
1645706012;41.00836;-8.634234;-0.1506958;0.7157309
1645706015;41.00837;-8.634185;-0.150695;0.7157311
1645706019;41.00837;-8.634285;-0.1506967;0.7157311
1645706022;41.00839;-8.634142;-0.1506942;0.7157314
1645706025;41.00839;-8.634327;-0.1506974;0.7157314
1645706035;41.00846;-8.634102;-0.1506935;0.7157327
1645706038;41.00846;-8.634364;-0.1506981;0.7157327
1645706060;41.0085;-8.634111;-0.1506937;0.7157333
1645706064;41.0085;-8.634354;-0.1506979;0.7157333
1645706067;41.00853;-8.634139;-0.1506942;0.7157339
1645706071;41.00853;-8.634325;-0.1506974;0.7157339
1645706074;41.00856;-8.634232;-0.1506958;0.7157344
1645706181;41.00929;-8.645993;-0.150901;0.7157472
1645706183;41.00937;-8.646411;-0.1509083;0.7157484
1645706187;41.00938;-8.646858;-0.1509161;0.7157487
1645706188;41.00939;-8.646286;-0.1509062;0.7157489
1645706190;41.00939;-8.646411;-0.1509083;0.7157489
1645706196;41.00944;-8.645984;-0.1509009;0.7157498
1645706227;41.00946;-8.646011;-0.1509014;0.7157501
1645706228;41.00946;-8.64605;-0.150902;0.7157501
1645706229;41.00948;-8.646254;-0.1509056;0.7157504
1645706230;41.00948;-8.646414;-0.1509084;0.7157504
1645706263;41.00966;-8.646403;-0.1509082;0.7157536
1645706273;41.01003;-8.645945;-0.1509002;0.71576
1645706299;41.01005;-8.645825;-0.1508981;0.7157604
1645706304;41.01012;-8.646026;-0.1509016;0.7157615
1645706307;41.01012;-8.645896;-0.1508994;0.7157615
1645706322;41.01025;-8.645776;-0.1508972;0.715764
1645706443;41.01302;-8.644345;-0.1508723;0.7158121
1645706497;41.01339;-8.644232;-0.1508703;0.7158188
1645706503;41.01349;-8.644391;-0.1508731;0.7158204
1645706507;41.0135;-8.644167;-0.1508692;0.7158207
1645706569;41.01436;-8.644366;-0.1508726;0.7158356
1645706571;41.01442;-8.644304;-0.1508716;0.7158366
1645706577;41.01467;-8.643888;-0.1508643;0.7158411
1646529632;41.00911;-8.644629;-0.1508773;0.7157439
1646529633;41.00911;-8.644543;-0.1508757;0.7157441
1646529634;41.00914;-8.644492;-0.1508749;0.7157444
1646529635;41.00925;-8.644944;-0.1508827;0.7157464
1650252187;41.00252;-8.636992;-0.1507439;0.7156289
1650252188;41.00252;-8.636899;-0.1507423;0.715629
1650252194;41.00253;-8.636793;-0.1507405;0.7156292
1650252198;41.00255;-8.636646;-0.1507379;0.7156295
1650252199;41.00256;-8.636545;-0.1507362;0.7156298
1650252201;41.00262;-8.636479;-0.150735;0.7156308
1650252224;41.00278;-8.637449;-0.1507519;0.7156336
1650252225;41.00279;-8.637214;-0.1507478;0.7156337
1650252232;41.00289;-8.637115;-0.1507461;0.7156354
1650252234;41.00296;-8.636472;-0.1507349;0.7156366
1650252240;41.00301;-8.636998;-0.1507441;0.7156375
1650252242;41.00301;-8.636804;-0.1507407;0.7156376
1650252244;41.00302;-8.636653;-0.150738;0.7156377
1650252246;41.00302;-8.636568;-0.1507366;0.7156377
1650252257;41.00306;-8.63789;-0.1507596;0.7156383
1650252267;41.00316;-8.637118;-0.1507462;0.7156401
1650252272;41.00316;-8.637449;-0.1507519;0.7156401
1650253210;41.0024;-8.636856;-0.1507416;0.7156269
1650252105;41.00147;-8.637331;-0.1507499;0.7156107
1650252107;41.00147;-8.637432;-0.1507516;0.7156107
1650252109;41.00154;-8.637185;-0.1507473;0.7156119
1650252111;41.00166;-8.637445;-0.1507519;0.715614
1650252113;41.00167;-8.637346;-0.1507501;0.7156141
1650252128;41.002;-8.637456;-0.150752;0.7156199
1650252130;41.00201;-8.637373;-0.1507506;0.71562
1650252148;41.00238;-8.637745;-0.1507571;0.7156265
1650252149;41.00238;-8.637403;-0.1507511;0.7156266
1650252150;41.00239;-8.63719;-0.1507474;0.7156267
1650252151;41.0024;-8.63699;-0.1507439;0.7156268
1650252154;41.00247;-8.637745;-0.1507571;0.7156281
1650252156;41.00247;-8.63789;-0.1507596;0.7156281
1650267302;41.00861;-8.649506;-0.1509624;0.7157352
1650267303;41.00917;-8.648757;-0.1509493;0.7157451
1650267304;41.00923;-8.648679;-0.1509479;0.7157461
1650267305;41.00925;-8.648593;-0.1509464;0.7157465
1650267306;41.00931;-8.64812;-0.1509382;0.7157475
1650267307;41.00934;-8.647976;-0.1509356;0.715748
1650267308;41.00938;-8.647826;-0.150933;0.7157488
1650267310;41.00951;-8.647546;-0.1509281;0.715751
1650267312;41.00979;-8.646779;-0.1509148;0.7157559
1650267314;41.00982;-8.647007;-0.1509187;0.7157564
1652362086;40.99956;-8.643749;-0.1508619;0.7155774
1652362088;41.00014;-8.646243;-0.1509054;0.7155874
1652362089;41.00027;-8.644364;-0.1508726;0.7155897
1652362091;41.00033;-8.643943;-0.1508653;0.7155908
1652362092;41.00035;-8.643829;-0.1508633;0.7155911
1652362093;41.00038;-8.6436;-0.1508593;0.7155917
1652362094;41.00056;-8.643883;-0.1508642;0.7155948
1681886997;41.00777;-8.639412;-0.1507862;0.7157205
1681886999;41.00777;-8.639367;-0.1507854;0.7157207
1681887000;41.00777;-8.63946;-0.150787;0.7157207
1681887001;41.00779;-8.639337;-0.1507849;0.715721
1681887002;41.00779;-8.63949;-0.1507875;0.715721
1681887003;41.00782;-8.639315;-0.1507845;0.7157215
1681887004;41.00782;-8.639508;-0.1507879;0.7157215
1681887005;41.00785;-8.639693;-0.1507911;0.715722
1681887006;41.00785;-8.63951;-0.1507879;0.715722
1681887008;41.00785;-8.639312;-0.1507844;0.715722
1681887009;41.00785;-8.639118;-0.1507811;0.715722
1681887010;41.00785;-8.638862;-0.1507766;0.715722
1681887011;41.00826;-8.639116;-0.150781;0.7157291
1681887012;41.00826;-8.639692;-0.1507911;0.7157291
1681887014;41.00826;-8.63882;-0.1507758;0.7157292
1681887015;41.00827;-8.639084;-0.1507805;0.7157293
1790059181;40.99782;-8.640716;-0.1508089;0.715547
1790059182;40.99785;-8.640805;-0.1508105;0.7155475
1790059184;40.99802;-8.64153;-0.1508231;0.7155504
1790059187;40.99802;-8.641086;-0.1508154;0.7155505
1790059189;40.99802;-8.641624;-0.1508248;0.7155505
1790059191;40.99805;-8.641279;-0.1508188;0.715551
1790059193;40.99805;-8.641194;-0.1508173;0.715551
1790059196;40.99807;-8.641677;-0.1508257;0.7155514
1790059198;40.99855;-8.642646;-0.1508426;0.7155597
1790059213;40.99867;-8.641826;-0.1508283;0.7155617
1790059243;40.99963;-8.642066;-0.1508325;0.7155786
1790059245;40.9997;-8.642103;-0.1508332;0.7155797
1790059248;40.99974;-8.642167;-0.1508343;0.7155805
1790059249;40.99979;-8.642294;-0.1508365;0.7155814
1790067683;40.99245;-8.641093;-0.1508155;0.7154533
1790095547;41.00126;-8.635664;-0.1507208;0.715607
1790095550;41.00317;-8.635594;-0.1507196;0.7156403
1790095551;41.00319;-8.635502;-0.1507179;0.7156406
1790095552;41.00322;-8.635442;-0.1507169;0.7156412
1790095553;41.00327;-8.635406;-0.1507163;0.715642
1790097571;41.0029;-8.634516;-0.1507007;0.7156355
1790097572;41.00374;-8.634241;-0.1506959;0.7156503
1790097573;41.00374;-8.634332;-0.1506975;0.7156503
1790097574;41.00379;-8.634508;-0.1507006;0.7156511
1790097575;41.00379;-8.634281;-0.1506966;0.7156512
1790097576;41.00382;-8.63415;-0.1506943;0.7156516
1790097577;41.00391;-8.634506;-0.1507006;0.7156532
1790097578;41.00402;-8.634511;-0.1507006;0.7156551
1790097579;41.00403;-8.634057;-0.1506927;0.7156554
1824641449;41.01207;-8.637525;-0.1507532;0.7157956
2211502009;41.00949;-8.644944;-0.1508827;0.7157507
2488354284;41.00185;-8.63827;-0.1507663;0.7156172
2488354285;41.00206;-8.638273;-0.1507663;0.7156209
2851243940;41.00025;-8.638559;-0.1507713;0.7155894
1681887013;41.00826;-8.638681;-0.1507734;0.7157291
1681887016;41.00849;-8.638674;-0.1507733;0.7157331
1645706041;41.0085;-8.634427;-0.1506992;0.7157333
1645706033;41.00843;-8.634439;-0.1506994;0.7157322
2488354286;41.00211;-8.63819;-0.1507649;0.7156218
3012788882;41.0094;-8.634568;-0.1507016;0.715749
3105978431;41.00711;-8.634006;-0.1506918;0.7157091
3105978438;41.00851;-8.631797;-0.1506533;0.7157336
3105978443;41.00854;-8.635245;-0.1507135;0.715734
3105978448;41.00669;-8.634301;-0.150697;0.7157017
3105978449;41.00846;-8.633869;-0.1506894;0.7157327
3105978457;41.00843;-8.628373;-0.1505935;0.7157322
3105978458;41.00846;-8.635112;-0.1507111;0.7157327
3105978459;41.00669;-8.634212;-0.1506954;0.7157017
3105978465;41.00845;-8.632013;-0.1506571;0.7157325
3105978470;41.00845;-8.6315;-0.1506481;0.7157325
3105978475;41.00753;-8.633885;-0.1506897;0.7157165
3105978483;41.00669;-8.634009;-0.1506919;0.7157017
3105978484;41.00843;-8.628706;-0.1505993;0.7157322
3105978486;41.00839;-8.63525;-0.1507135;0.7157314
3105978488;41.00844;-8.629798;-0.1506184;0.7157323
3105978489;41.00828;-8.634432;-0.1506993;0.7157295
3105978492;41.00766;-8.633999;-0.1506917;0.7157186
3588634110;41.01324;-8.635662;-0.1507207;0.715816
3588634111;41.01325;-8.636052;-0.1507275;0.7158162
3588634112;41.01331;-8.635329;-0.1507149;0.7158173
3588634113;41.01334;-8.636381;-0.1507333;0.7158179
3588634114;41.01361;-8.634941;-0.1507082;0.7158225
3588636395;41.01368;-8.642969;-0.1508483;0.7158237
4029548990;41.00716;-8.643991;-0.1508661;0.7157099
4029548991;41.0073;-8.643986;-0.150866;0.7157124
4029548992;41.00805;-8.643955;-0.1508655;0.7157255
4029548999;41.00816;-8.64395;-0.1508654;0.7157274
4090279340;40.99572;-8.641925;-0.15083;0.7155103
4090279428;40.99893;-8.636737;-0.1507395;0.7155663
4090279444;40.99947;-8.63987;-0.1507942;0.7155757
4090279445;40.99951;-8.639487;-0.1507875;0.7155764
4090279447;40.99957;-8.639457;-0.150787;0.7155774
4090279455;41.00012;-8.63959;-0.1507893;0.7155871
4090279480;41.00176;-8.638196;-0.150765;0.7156157
4090279518;41.00842;-8.627061;-0.1505706;0.715732
